0,310
0,305
0,308
0,307
0,302
0,304
0,303
0,12
0,10
0,8
0,0
0,545
0,445
0,300
0,518
0,447
0,299
0,538
0,443
0,298
0,530
0,442
0,297
0,529
0,444
0,296
0,517
0,509
0,295
0,555
0,441
0,294
0,554
0,440
0,293
0,556
0,439
0,292
0,553
0,438
0,291
0,552
0,508
0,290
0,544
0,437
0,289
0,543
0,436
0,288
0,537
0,435
0,287
0,516
0,433
0,286
0,507
0,432
0,285
0,506
0,434
0,284
0,505
0,430
0,283
0,562
0,429
0,282
0,561
0,431
0,281
0,560
0,504
0,280
0,502
0,428
0,279
0,501
0,427
0,278
0,503
0,426
0,277
0,499
0,425
0,276
0,528
0,498
0,275
0,500
0,424
0,274
0,527
0,423
0,273
0,526
0,422
0,272
0,525
0,420
0,271
0,524
0,419
0,270
0,497
0,421
0,269
0,496
0,417
0,268
0,495
0,416
0,267
0,493
0,418
0,266
0,551
0,492
0,265
0,550
0,415
0,264
0,542
0,414
0,263
0,541
0,413
0,262
0,536
0,412
0,261
0,535
0,491
0,260
0,523
0,411
0,259
0,522
0,410
0,258
0,490
0,409
0,257
0,549
0,406
0,256
0,565
0,405
0,255
0,563
0,407
0,254
0,540
0,403
0,253
0,548
0,402
0,252
0,534
0,404
0,251
0,547
0,488
0,250
0,489
0,401
0,249
0,533
0,400
0,248
0,521
0,399
0,247
0,487
0,398
0,246
0,520
0,486
0,245
0,515
0,397
0,244
0,566
0,396
0,242
0,564
0,395
0,241
0,485
0,393
0,240
0,484
0,392
0,239
2,1
3,0
3,3
233,1
233,2
234,0
234,1
234,3
235,0
235,2
236,2
235,3
235,1
234,2
233,3
233,0
3,1
2,3
1,3
1,1
1,0
2,0
0,494
236,1
0,408
236,3
0,322
236,0
0,9
0,483
0,394
0,238
0,482
0,390
0,237
0,481
0,389
0,236
0,514
0,391
0,235
0,532
0,480
0,234
0,531
0,388
0,233
0,519
0,387
0,232
0,478
0,356
0,231
0,477
0,355
0,230
0,479
0,354
0,229
0,475
0,353
0,228
0,386
0,352
0,227
0,476
0,351
0,226
0,468
0,385
0,225
0,467
0,350
0,224
0,466
0,349
0,223
0,383
0,348
0,222
0,539
0,382
0,221
0,384
0,347
0,220
0,465
0,346
0,219
0,381
0,345
0,218
0,463
0,344
0,217
0,462
0,380
0,216
0,464
0,379
0,215
0,461
0,343
0,214
0,378
0,342
0,213
0,377
0,341
0,212
0,546
0,340
0,211
0,460
0,375
0,210
0,459
0,374
0,209
0,376
0,339
0,208
0,372
0,338
0,207
0,371
0,337
0,206
0,373
0,336
0,205
0,474
0,458
0,204
0,473
0,335
0,203
0,370
0,334
0,202
0,369
0,333
0,201
0,457
0,332
0,200
0,559
0,455
0,199
0,454
0,368
0,198
0,456
0,331
0,197
0,513
0,330
0,196
0,367
0,329
0,195
0,453
0,328
0,194
0,452
0,327
0,193
0,365
0,326
0,192
0,364
0,325
0,63
0,366
0,324
0,62
0,558
0,323
0,61
0,557
0,321
0,60
0,451
0,363
0,59
0,450
0,320
0,58
0,362
0,319
0,57
0,472
0,318
0,56
0,448
0,317
0,55
0,449
0,361
0,54
0,471
0,360
0,53
0,358
0,316
0,52
0,357
0,315
0,51
0,359
0,314
0,50
0,469
0,313
0,49
0,470
0,312
0,48
0,511
0,311
0,47
0,510
0,309
0,46
0,512
0,306
0,45
0,446
0,301
0,6
0,5
0,1
0,11
0,4
0,2
0,3
0,7
